150 mou 1111111111

11581151111111,11“11185, 2, 80. 111185, 15111815551185, 11
1151181818ῑί1 8111181. t, 55. 11115158 851511, 1111811 ex 118
1158518515,1111111115.1,118. 11111851151111 prognti, q
1151111 fulgens 111511 8811111, 1118118 15111115118111111
5, 511. cubuerunt 1, 550.
1111511815, 818111,115115118. 1111111115 1811111,88811111.1,;
8, 805. 522 1111111 vim. 1, 815.
0515181115151, 111111. 8, 81. 1111881515, 15181811,11111
1181511111 511 transfixo pilo. 5112121.

8, 158. 1111158118 111111. 8, 2.
1151511111. 5, 55. 8, 208. 1111111815. Mt&

1151118118. 2102. 5, 510. 1111811111 pelago. 1111118111
115111111111151111115181.1,10. 5, 081.

1151811115 11511511. 2, 551. 8115111158ίή 151112, 11
11511811118811111811558505. 580.

05111815, 1111111188, 515. 11515111,’1’18111115 151111.
1151111111 inventu 11118 1181· 581.

plin 51 penatibus. 1, 210. 11515111 vox. 5, m
[1515111515181111118115.1,81. 1158111111 8115111111 11581
mogun. 1, 555. 1881111111 1510111111110111181151
115151. 5, 558. gntus. 1, tot.

11118811 hydra. 1, 555. 115111511111181151111 118151
[1511111815 1111181181. 0, 500. mitten, 51111511, ut 1
Destituit 1511118, 1. deseruit, 511111151111818811181811
recessit. 2, 128 5, 808. 118111 Melete-ms.
onningen 181151. 1, 511. 151- 1151151, Τ1511111851111111,
11181515. qun 111185 Thaum- 51
1151511511 55111. 8, 5111. 2110. toron 1111118111811111111
1151511515 1111181 111181, 1151 tm

111115. 1108. ’11115111,111111151811.5, 11
1118118 mycen-en, 811 011115 1115515151551811 11811111,
Mycenaeo, qui 8111 ex Tau· 15151118,1111511111.5,555.
1151 Δ1151811 1181111111. 5, 11. 1111518, 1511515. 1,115. 11181
111118, 015115 115112, 0101, 1811 1115181185 1811111,
522. 8, 211. 111111. 5, 108.
1111118511181111118, 8115111815. 1111815 1115511151158, tte*
5, 581. 1, 508. 1111111 111111 11151511 tul!
Diem totum 11111118, 811111 111- 1111111111111111, 108.
118 subire. 8, 211. ·1111111518811,1.181111.8,51
[11115118. diripere. 9, 112. [1111111115ιῶ 11151νί1111
niffusumeoelo 8511151182. ² 11 Epidamnos tetam,
1111111118,118181118.1,558. ’ ,
[1111811115. 0, 118. 1 E·

1111811, ciliciae 1111111 11,Ε8181511,1111151111.11111
Tauro monte 511111. 8215. ’ 1111881811 51111 eumn 151

 

